0.584549
0.556462
0.530527
0.506568
0.484425
0.463948
0.445004
0.427467
0.411224
0.396171
0.382213
0.369262
0.357237
0.346065
0.335678
0.326015
0.317019
0.308638
0.300824
0.293533
0.286724
0.280361
0.27441
0.26884
0.263621
0.258728
0.254137
0.249824
0.24577
0.241956
0.238364
0.234978
0.231784
0.228768
0.225918
0.223222
0.22067
0.218251
0.215957
0.213779
0.21171
0.209743
0.20787
0.206087
0.204386
0.202764
0.201214
0.199734
0.198318
0.196962
0.195664
0.194419
0.193225
0.192079
0.190978
0.18992
0.188901
0.187921
0.186977
0.186068
0.18519
0.184344
0.183527
0.182737
0.181974
0.181236
0.180522
0.179831
0.179162
0.178513
0.177885
0.177275
0.176684
0.17611
0.175552
0.175011
0.174485
0.173973
0.173476
0.172992
0.172521
0.172062
0.171615
0.17118
0.170756
0.170343
0.16994
0.169547
0.169163
0.168789
0.168424
0.168067
0.167718
0.167377
0.167045
0.166719
0.166401
0.16609
0.165785
0.165487
0.165196
0.16491
0.164631
0.164357
0.164089
0.163826
0.163568
0.163316
0.163068
0.162825
0.162587
0.162353
0.162124
0.161899
0.161678
0.161461
0.161248
0.161038
0.160833
0.16063
0.160432
0.160236
0.160044
0.159856
0.15967
0.159487
0.159307
0.15913
0.158956
0.158785
0.158616
0.15845
0.158286
0.158125
0.157966
0.157809
0.157655
0.157503
0.157353
0.157205
0.157059
0.156915
0.156773
0.156633
0.156495
0.156359
0.156224
0.156091
0.15596
0.155831
0.155703
0.155577
0.155452
0.155329
0.155207
0.155086
0.154967
0.15485
0.154734
0.154619
0.154505
0.154393
0.154281
0.154171
0.154063
0.153955
0.153848
0.153743
0.153639
0.153536
0.153433
0.153332
0.153232
0.153133
0.153034
0.152937
0.152841
0.152745
0.15265
0.152557
0.152464
0.152372
0.15228
0.15219
0.1521
0.152011
0.151923
0.151836
0.151749
0.151663
0.151578
0.151494
0.15141
0.151326
0.151244
0.151162
0.151081
0.151
0.15092
0.150841
0.150762
0.150684
0.150606
0.150529
0.150452
0.150376
0.150301
0.150226
0.150151
0.150077
0.150004
0.149931
0.149859
0.149787
0.149715
0.149644
0.149574
0.149504
0.149434
0.149365
0.149296
0.149228
0.14916
0.149092
0.149025
0.148958
0.148892
0.148826
0.14876
0.148695
0.14863
0.148566
0.148502
0.148438
0.148375
0.148312
0.148249
0.148187
0.148125
0.148063
0.148002
0.147941
0.14788
0.14782
0.147759
0.1477
0.14764
0.147581
0.147522
0.147464
0.147405
0.147347
0.14729
0.147232
0.147175
0.147118
0.147061
0.147005
0.146949
0.146893
0.146838
0.146782
0.146727
0.146672
0.146618
0.146563
0.146509
0.146455
0.146402
0.146348
0.146295
0.146242
0.14619
0.146137
0.146085
0.146033
0.145981
0.145929
0.145878
0.145827
0.145776
0.145725
0.145674
0.145624
0.145574
0.145524
0.145474
0.145425
0.145375
0.145326
0.145277
0.145228
0.145179
0.145131
0.145083
0.145035
0.144987
0.144939
0.144891
0.144844
0.144797
0.14475
0.144703
0.144656
0.14461
0.144563
0.144517
0.144471
0.144425
0.144379
0.144334
0.144289
0.144243
0.144198
0.144153
0.144109
0.144064
0.144019
0.143975
0.143931
0.143887
0.143843
0.143799
0.143756
0.143712
0.143669
0.143626
0.143583
0.14354
0.143497
0.143454
0.143412
0.14337
0.143327
0.143285
0.143243
0.143202
0.14316
0.143118
0.143077
0.143036
0.142994
0.142953
0.142912
0.142872
0.142831
0.14279
0.14275
0.14271
0.14267
0.142629
0.14259
0.14255
0.14251
0.14247
0.142431
0.142392
0.142352
0.142313
0.142274
0.142235
0.142196
0.142158
0.142119
0.142081
0.142042
0.142004
0.141966
0.141928
0.14189
0.141852
0.141815
0.141777
0.141739
0.141702
0.141665
0.141628
0.14159
0.141553
0.141517
0.14148
0.141443
0.141407
0.14137
0.141334
0.141297
0.141261
0.141225
0.141189
0.141153
0.141117
0.141082
0.141046
0.14101
0.140975
0.14094
0.140904
0.140869
0.140834
0.140799
0.140764
0.140729
0.140695
0.14066
0.140626
0.140591
0.140557
0.140523
0.140488
0.140454
0.14042
0.140386
0.140352
0.140319
0.140285
0.140251
0.140218
0.140185
0.140151
0.140118
0.140085
0.140052
0.140019
0.139986
0.139953
0.13992
0.139887
0.139855
0.139822
0.13979
0.139757
0.139725
0.139693
0.139661
0.139629
0.139597
0.139565
0.139533
0.139501
0.13947
0.139438
0.139407
0.139375
0.139344
0.139312
0.139281
0.13925
0.139219
0.139188
0.139157
0.139126
0.139095
0.139065
0.139034
0.139003
0.138973
0.138942
0.138912
0.138882
0.138851
0.138821
0.138791
0.138761
0.138731
0.138701
0.138671
0.138642
0.138612
0.138582
0.138553
0.138523
0.138494
0.138464
0.138435
0.138406
0.138377
0.138348
0.138319
0.13829
0.138261
0.138232
0.138203
0.138174
0.138146
0.138117
0.138089
0.13806
0.138032
0.138003
0.137975
0.137947
0.137919
0.137891
0.137863
0.137835
0.137807
0.137779
0.137751
0.137723
0.137696
0.137668
0.13764
0.137613
0.137586
0.137558
0.137531
0.137504
0.137476
0.137449
0.137422
0.137395
0.137368
0.137341
0.137314
0.137287
0.137261
0.137234
0.137207
0.137181
0.137154
0.137128
0.137101
0.137075
0.137049
0.137022
0.136996
0.13697
0.136944
0.136918
0.136892
0.136866
0.13684
0.136814
0.136789
0.136763
0.136737
0.136711
0.136686
0.13666
0.136635
0.13661
0.136584
0.136559
0.136534
0.136508
0.136483
0.136458
0.136433
0.136408
0.136383
0.136358
0.136333
0.136309
0.136284
0.136259
0.136234
0.13621
0.136185
0.136161
0.136136
0.136112
0.136087
0.136063
0.136039
0.136015
0.13599
0.135966
0.135942
0.135918
0.135894
0.13587
0.135846
0.135823
0.135799
0.135775
0.135751
0.135728
0.135704
0.13568
0.135657
0.135633
0.13561
0.135587
0.135563
0.13554
0.135517
0.135493
0.13547
0.135447
0.135424
0.135401
0.135378
0.135355
0.135332
0.135309
0.135286
0.135264
0.135241
0.135218
0.135196
0.135173
0.13515
0.135128
0.135105
0.135083
0.135061
0.135038
0.135016
0.134994
0.134971
0.134949
0.134927
0.134905
0.134883
0.134861
0.134839
0.134817
0.134795
0.134773
0.134751
0.13473
0.134708
0.134686
0.134665
0.134643
0.134621
0.1346
0.134578
0.134557
0.134535
0.134514
0.134493
0.134471
0.13445
0.134429
0.134408
0.134387
0.134366
0.134344
0.134323
0.134302
0.134281
0.134261
0.13424
0.134219
0.134198
0.134177
0.134157
0.134136
0.134115
0.134095
0.134074
0.134053
0.134033
0.134012
0.133992
0.133972
0.133951
0.133931
0.133911
0.13389
0.13387
0.13385
0.13383
0.13381
0.13379
0.13377
0.13375
0.13373
0.13371
0.13369
0.13367
0.13365
0.13363
0.133611
0.133591
0.133571
0.133551
0.133532
0.133512
0.133493
0.133473
0.133454
0.133434
0.133415
0.133395
0.133376
0.133357
0.133337
0.133318
0.133299
0.13328
0.133261
0.133242
0.133222
0.133203
0.133184
0.133165
0.133146
0.133128
0.133109
0.13309
0.133071
0.133052
0.133033
0.133015
0.132996
0.132977
0.132959
0.13294
0.132922
0.132903
0.132885
0.132866
0.132848
0.132829
0.132811
0.132793
0.132774
0.132756
0.132738
0.132719
0.132701
0.132683
0.132665
0.132647
0.132629
0.132611
0.132593
0.132575
0.132557
0.132539
0.132521
0.132503
0.132485
0.132468
0.13245
0.132432
0.132414
0.132397
0.132379
0.132361
0.132344
0.132326
0.132309
0.132291
0.132274
0.132256
0.132239
0.132221
0.132204
0.132187
0.132169
0.132152
0.132135
0.132118
0.132101
0.132083
0.132066
0.132049
0.132032
0.132015
0.131998
0.131981
0.131964
0.131947
0.13193
0.131913
0.131897
0.13188
0.131863
0.131846
0.131829
0.131813
0.131796
0.131779
0.131763
0.131746
0.13173
0.131713
0.131696
0.13168
0.131664
0.131647
0.131631
0.131614
0.131598
0.131582
0.131565
0.131549
0.131533
0.131516
0.1315
0.131484
0.131468
0.131452
0.131436
0.13142
0.131404
0.131388
0.131372
0.131356
0.13134
0.131324
0.131308
0.131292
0.131276
0.13126
0.131245
0.131229
0.131213
0.131197
0.131182
0.131166
0.13115
0.131135
0.131119
0.131104
0.131088
0.131072
0.131057
0.131042
0.131026
0.131011
0.130995
0.13098
0.130965
0.130949
0.130934
0.130919
0.130903
0.130888
0.130873
0.130858
0.130843
0.130828
0.130812
0.130797
0.130782
0.130767
0.130752
0.130737
0.130722
0.130707
0.130692
0.130678
0.130663
0.130648
0.130633
0.130618
0.130603
0.130589
0.130574
0.130559
0.130545
0.13053
0.130515
0.130501
0.130486
0.130472
0.130457
0.130442
0.130428
0.130414
0.130399
0.130385
0.13037
0.130356
0.130341
0.130327
0.130313
0.130298
0.130284
0.13027
0.130256
0.130242
0.130227
0.130213
0.130199
0.130185
0.130171
0.130157
0.130143
0.130129
0.130115
0.130101
0.130087
0.130073
0.130059
0.130045
0.130031
0.130017
0.130003
0.129989
0.129976
0.129962
0.129948
0.129934
0.129921
0.129907
0.129893
0.12988
0.129866
0.129852
0.129839
0.129825
0.129812
0.129798
0.129785
0.129771
0.129758
0.129744
0.129731
0.129718
0.129704
0.129691
0.129677
0.129664
0.129651
0.129638
0.129624
0.129611
0.129598
0.129585
0.129571
0.129558
0.129545
0.129532
0.129519
0.129506
0.129493
0.12948
0.129467
0.129454
0.129441
0.129428
0.129415
0.129402
0.129389
0.129376
0.129363
0.12935
0.129338
0.129325
0.129312
0.129299
0.129286
0.129274
0.129261
0.129248
0.129236
0.129223
0.12921
0.129198
0.129185
0.129173
0.12916
0.129148
0.129135
0.129123
0.12911
0.129098
0.129085
0.129073
0.12906
0.129048
0.129036
0.129023
0.129011
0.128999
0.128986
0.128974
0.128962
0.128949
0.128937
0.128925
0.128913
0.128901
0.128889
0.128876
0.128864
0.128852
0.12884
0.128828
0.128816
0.128804
0.128792
0.12878
0.128768
0.128756
0.128744
0.128732
0.12872
0.128708
0.128697
0.128685
0.128673
0.128661
0.128649
0.128638
0.128626
